125 5 20 100
1 0 0 1 2580 2580 749
2 0 749 1 2580 0 1498
3 0 123 456 2580 1466 2109
4 0 2345 1234 2580 212 1149
5 0 1234 2345 2580 2541 3256
6 1 0 0 2580 0 0
7 1 1 0 2580 1 1
8 1 3328 0 2580 3328 3328
9 1 0 3328 2580 749 2580
10 1 1 1 2580 2581 750
11 1 3328 1 2580 2579 748
12 1 0 2 2580 1831 1498
13 1 3328 3328 2580 748 2579
14 1 1 3328 2580 750 2581
15 1 1664 1664 2580 374 2954
16 1 1665 1665 2580 2955 375
17 1 2580 1 2580 1831 0
18 1 2581 1 2580 1832 1
19 1 2579 1 2580 1830 3328
20 1 748 1 2580 3328 1497
21 1 750 1 2580 1 1499
22 1 1 2 2580 1832 1499
23 1 3328 2 2580 1830 1497
24 1 1664 0 2580 1664 1664
25 1 1665 3328 2580 2414 916
26 2 1489 1978 2580 1372 1606
27 2 2925 3064 2580 1670 851
28 2 3283 2476 2580 3012 225
29 2 1961 1771 2580 424 169
30 2 759 44 2580 1093 425
31 2 300 2940 2580 2038 1891
32 2 908 1291 2580 2688 2457
33 2 99 184 2580 2101 1426
34 2 2872 733 2580 3140 2604
35 2 1208 2326 2580 101 2315
36 2 54 929 2580 3323 114
37 2 2234 1305 2580 186 953
38 2 1172 1404 2580 1540 804
39 2 50 1302 2580 249 3180
40 2 1481 2673 2580 133 2829
41 2 1395 3034 2580 2636 154
42 2 254 284 2580 594 3243
43 2 2030 1191 2580 2143 1917
44 2 3180 1106 2580 378 2653
45 2 1974 2464 2580 704 3244
46 2 2295 525 2580 1892 2698
47 2 1974 2015 2580 776 3172
48 2 435 1920 2580 483 387
49 2 1758 1149 2580 39 148
50 2 2216 2878 2580 457 646
51 2 1596 2741 2580 2580 612
52 2 2802 1504 2580 1508 767
53 2 2188 1506 2580 2725 1651
54 2 3201 902 2580 61 3012
55 2 3027 783 2580 2464 261
56 2 1555 2584 2580 288 2822
57 2 898 1053 2580 1174 622
58 2 880 2250 2580 104 1656
59 2 3236 1132 2580 934 2209
60 2 1055 512 2580 402 1708
61 2 2968 11 2580 1387 1220
62 2 973 271 2580 1063 883
63 2 822 2558 2580 2384 2589
64 2 2751 2542 2580 2981 2521
65 2 3291 1582 2580 168 3085
66 2 1781 3009 2580 1773 1789
67 2 1559 3314 2580 2807 311
68 2 1889 89 2580 1808 1970
69 2 1875 1286 2580 742 3008
70 2 2598 1720 2580 2641 2555
71 2 584 691 2580 2349 2148
72 2 1324 955 2580 1764 884
73 2 1780 269 2580 39 192
74 2 2413 2803 2580 236 1261
75 2 509 162 2580 2344 2003
76 2 1607 2583 2580 1089 2125
77 2 675 1773 2580 969 381
78 2 160 1154 2580 1354 2295
79 2 1392 69 2580 2975 3138
80 2 3119 447 2580 1216 1693
81 2 2448 1595 2580 2904 1992
82 2 2701 1162 2580 1232 841
83 2 2198 1119 2580 2975 1421
84 2 52 305 2580 1308 2125
85 2 459 1804 2580 837 81
86 2 3220 2782 2580 127 2984
87 2 2990 2564 2580 58 2593
88 2 2112 756 2580 1798 2426
89 2 955 52 2580 1955 3284
90 2 2456 1472 2580 1827 3085
91 2 482 1511 2580 603 361
92 2 998 1527 2580 2451 2874
93 2 1653 1848 2580 2365 941
94 2 447 331 2580 2203 2020
95 2 2581 2234 2580 473 1360
96 2 2525 195 2580 2946 2104
97 2 428 3043 2580 1586 2599
98 2 2861 2171 2580 1334 1059
99 2 1189 3287 2580 2686 3021
100 2 770 1122 2580 2629 2240
101 2 2041 1449 2580 1994 2088
102 2 1435 2175 2580 241 2629
103 2 2454 1202 2580 986 593
104 2 200 918 2580 1721 2008
105 2 545 2572 2580 1608 2811
106 2 1240 258 2580 1080 1400
107 2 3012 1190 2580 545 2150
108 2 2548 2618 2580 2447 2649
109 2 678 2049 2580 646 710
110 2 466 2839 2580 1286 2975
111 2 2394 3047 2580 556 903
112 2 2222 2651 2580 707 408
113 2 230 674 2580 1412 2377
114 2 513 538 2580 360 666
115 2 1564 2459 2580 710 2418
116 2 570 737 2580 1171 3298
117 2 3121 2700 2580 1524 1389
118 2 1000 2334 2580 559 1441
119 2 244 2582 2580 475 13
120 2 1662 2729 2580 1647 1677
121 2 260 2075 2580 728 3121
122 2 905 2071 2580 1040 770
123 2 852 478 2580 2362 2671
124 2 2400 2953 2580 1059 412
125 2 2384 2470 2580 3278 1490
