126 6 20 100
1 0 0 0 0 0 0
2 0 123 456 579 2996 2824
3 0 987 2100 3087 2216 2062
4 0 1664 1665 0 3328 832
5 0 1665 1665 1 0 2497
6 0 3328 3328 3327 0 1
7 1 0 1 1 3328 0
8 1 1 0 1 1 0
9 1 0 3328 3328 1 0
10 1 3328 0 3328 3328 0
11 1 1 1 2 0 1
12 1 1 3328 0 2 3328
13 1 3328 1 0 3327 3328
14 1 1 3327 3328 3 3327
15 1 2 3328 1 3 3327
16 1 3328 2 1 3326 3327
17 1 1664 1664 3328 0 2497
18 1 1665 1664 0 1 832
19 1 1666 1664 1 2 2496
20 1 1664 1666 1 3327 2496
21 1 3327 3328 3326 3328 2
22 1 3328 3327 3326 1 2
23 1 3327 3327 3325 0 4
24 1 2 2 4 0 4
25 1 2 1664 1666 1667 3328
26 1 2 1665 1667 1666 1
27 2 2767 1960 1398 807 379
28 2 289 2556 2845 1062 2975
29 2 2137 2058 866 79 337
30 2 180 3203 54 306 623
31 2 775 849 1624 3255 2162
32 2 687 2655 13 1361 3022
33 2 494 2570 3064 1253 1231
34 2 2645 1761 1077 884 574
35 2 1674 1025 2699 649 1415
36 2 508 1839 2347 1998 2092
37 2 131 2743 2874 717 3130
38 2 1327 2727 725 1929 106
39 2 1049 1816 2865 2562 796
40 2 2577 87 2664 2490 1156
41 2 1223 361 1584 862 2075
42 2 230 2245 2475 1314 355
43 2 1541 358 1899 1183 2393
44 2 276 2902 3178 703 1992
45 2 1304 2409 384 2224 2089
46 2 2579 945 195 1634 327
47 2 3284 791 746 2493 1024
48 2 411 2767 3178 973 2048
49 2 1346 1502 2848 3173 989
50 2 1075 885 1960 190 2610
51 2 1915 756 2671 1159 2954
52 2 1338 2400 409 2267 2044
53 2 2715 843 229 1872 1722
54 2 2408 61 2469 2347 412
55 2 1586 2544 801 2371 36
56 2 1709 3043 1423 1995 589
57 2 2969 3 2972 2966 2249
58 2 3126 2312 2109 814 53
59 2 1133 326 1459 807 3168
60 2 2621 2837 2129 3113 2120
61 2 1648 1700 19 3277 1911
62 2 2063 734 2797 1329 2876
63 2 859 1492 2351 2696 3292
64 2 175 912 1087 2592 3137
65 2 809 3093 573 1045 2158
66 2 1455 1251 2706 204 2571
67 2 1452 1001 2453 451 2008
68 2 540 2952 163 917 2818
69 2 882 1222 2104 2989 2537
70 2 2993 937 601 2056 1423
71 2 1734 243 1977 1491 1908
72 2 3138 353 162 2785 2486
73 2 2508 2344 1523 164 3067
74 2 1998 819 2817 1179 1823
75 2 754 2022 2776 2061 3235
76 2 3299 2163 2133 1136 1690
77 2 168 3061 3229 436 1582
78 2 1644 891 2535 753 44
79 2 751 291 1042 460 2156
80 2 1972 365 2337 1607 716
81 2 2972 407 50 2565 1177
82 2 1495 3055 1221 1769 3166
83 2 2344 2259 1274 85 1986
84 2 1200 1283 2483 3246 1602
85 2 3202 2811 2684 391 2535
86 2 918 675 1593 243 456
87 2 1150 31 1181 1119 2360
88 2 3312 1561 1544 1751 95
89 2 634 1459 2093 2504 2873
90 2 2517 592 3109 1925 2001
91 2 2338 2208 1217 130 2354
92 2 1381 1416 2797 3294 1373
93 2 3136 897 704 2239 3316
94 2 3174 1896 1741 1278 2401
95 2 3116 147 3263 2969 1979
96 2 91 1363 1454 2057 860
97 2 2551 1459 681 1092 87
98 2 970 1390 2360 2909 55
99 2 1964 1996 631 3297 1911
100 2 809 2179 2988 1959 1770
101 2 480 517 997 3292 1814
102 2 3242 3018 2931 224 425
103 2 1829 2934 1434 2224 3267
104 2 168 176 344 3321 2936
105 2 780 2077 2857 2032 2166
106 2 436 2045 2481 1720 2777
107 2 2932 943 546 1989 1806
108 2 796 202 998 594 1000
109 2 429 2119 2548 1639 234
110 2 2754 2891 2316 3192 2175
111 2 1248 1131 2379 117 3321
112 2 829 426 1255 403 280
113 2 1545 2051 267 2823 2916
114 2 122 1758 1880 1693 1420
115 2 1720 1300 3020 420 2241
116 2 1511 1863 45 2977 1988
117 2 2862 1560 1093 1302 531
118 2 120 3254 45 195 987
119 2 88 2212 2300 1205 1574
120 2 2903 34 2937 2869 2161
121 2 2020 3204 1895 2145 504
122 2 275 2114 2389 1490 2104
123 2 808 1284 2092 2853 2153
124 2 2048 2662 1381 2715 2203
125 2 745 538 1283 207 1330
126 2 134 1151 1285 2312 1100
